PSTAR: Stopping Powers and Range Tables for Protons

GLASS, BOROSILICATE (Pyrex, Corning 7740)                               

Kinetic   Total     CSDA      
Energy    Stp. Pow. Range     
MeV       MeV cm2/g g/cm2     

1.000E-03 1.056E+02 1.337E-05 
1.500E-03 1.233E+02 1.771E-05 
2.000E-03 1.385E+02 2.153E-05 
2.500E-03 1.521E+02 2.497E-05 
3.000E-03 1.645E+02 2.813E-05 
4.000E-03 1.868E+02 3.382E-05 
5.000E-03 2.067E+02 3.891E-05 
6.000E-03 2.249E+02 4.354E-05 
7.000E-03 2.416E+02 4.783E-05 
8.000E-03 2.573E+02 5.184E-05 
9.000E-03 2.721E+02 5.561E-05 
1.000E-02 2.861E+02 5.920E-05 
1.250E-02 3.137E+02 6.752E-05 
1.500E-02 3.378E+02 7.520E-05 
1.750E-02 3.593E+02 8.237E-05 
2.000E-02 3.787E+02 8.914E-05 
2.250E-02 3.962E+02 9.559E-05 
2.500E-02 4.121E+02 1.018E-04 
2.750E-02 4.266E+02 1.077E-04 
3.000E-02 4.399E+02 1.135E-04 
3.500E-02 4.631E+02 1.246E-04 
4.000E-02 4.825E+02 1.351E-04 
4.500E-02 4.986E+02 1.453E-04 
5.000E-02 5.120E+02 1.552E-04 
5.500E-02 5.229E+02 1.649E-04 
6.000E-02 5.316E+02 1.744E-04 
6.500E-02 5.386E+02 1.837E-04 
7.000E-02 5.438E+02 1.929E-04 
7.500E-02 5.477E+02 2.021E-04 
8.000E-02 5.503E+02 2.112E-04 
8.500E-02 5.518E+02 2.203E-04 
9.000E-02 5.523E+02 2.293E-04 
9.500E-02 5.521E+02 2.384E-04 
1.000E-01 5.511E+02 2.475E-04 
1.250E-01 5.385E+02 2.933E-04 
1.500E-01 5.188E+02 3.405E-04 
1.750E-01 4.967E+02 3.898E-04 
2.000E-01 4.745E+02 4.413E-04 
2.250E-01 4.517E+02 4.953E-04 
2.500E-01 4.297E+02 5.520E-04 
2.750E-01 4.092E+02 6.116E-04 
3.000E-01 3.905E+02 6.742E-04 
3.500E-01 3.583E+02 8.080E-04 
4.000E-01 3.319E+02 9.532E-04 
4.500E-01 3.101E+02 1.109E-03 
5.000E-01 2.919E+02 1.275E-03 
5.500E-01 2.764E+02 1.452E-03 
6.000E-01 2.626E+02 1.637E-03 
6.500E-01 2.503E+02 1.832E-03 
7.000E-01 2.393E+02 2.037E-03 
7.500E-01 2.294E+02 2.250E-03 
8.000E-01 2.204E+02 2.473E-03 
8.500E-01 2.122E+02 2.704E-03 
9.000E-01 2.048E+02 2.944E-03 
9.500E-01 1.979E+02 3.192E-03 
1.000E+00 1.915E+02 3.449E-03 
1.250E+00 1.657E+02 4.857E-03 
1.500E+00 1.468E+02 6.464E-03 
1.750E+00 1.321E+02 8.262E-03 
2.000E+00 1.205E+02 1.025E-02 
2.250E+00 1.110E+02 1.241E-02 
2.500E+00 1.030E+02 1.475E-02 
2.750E+00 9.626E+01 1.726E-02 
3.000E+00 9.042E+01 1.994E-02 
3.500E+00 8.084E+01 2.580E-02 
4.000E+00 7.329E+01 3.231E-02 
4.500E+00 6.716E+01 3.944E-02 
5.000E+00 6.208E+01 4.719E-02 
5.500E+00 5.778E+01 5.555E-02 
6.000E+00 5.410E+01 6.450E-02 
6.500E+00 5.091E+01 7.403E-02 
7.000E+00 4.810E+01 8.414E-02 
7.500E+00 4.562E+01 9.482E-02 
8.000E+00 4.341E+01 1.061E-01 
8.500E+00 4.142E+01 1.179E-01 
9.000E+00 3.963E+01 1.302E-01 
9.500E+00 3.800E+01 1.431E-01 
1.000E+01 3.651E+01 1.565E-01 
1.250E+01 3.066E+01 2.316E-01 
1.500E+01 2.656E+01 3.194E-01 
1.750E+01 2.351E+01 4.197E-01 
2.000E+01 2.114E+01 5.320E-01 
2.500E+01 1.771E+01 7.916E-01 
2.750E+01 1.642E+01 9.384E-01 
3.000E+01 1.532E+01 1.096E+00 
3.500E+01 1.356E+01 1.444E+00 
4.000E+01 1.220E+01 1.833E+00 
4.500E+01 1.112E+01 2.263E+00 
5.000E+01 1.024E+01 2.732E+00 
5.500E+01 9.505E+00 3.240E+00 
6.000E+01 8.885E+00 3.784E+00 
6.500E+01 8.354E+00 4.365E+00 
7.000E+01 7.893E+00 4.981E+00 
7.500E+01 7.489E+00 5.631E+00 
8.000E+01 7.132E+00 6.316E+00 
8.500E+01 6.815E+00 7.033E+00 
9.000E+01 6.530E+00 7.783E+00 
9.500E+01 6.273E+00 8.564E+00 
1.000E+02 6.041E+00 9.377E+00 
1.250E+02 5.142E+00 1.388E+01 
1.500E+02 4.529E+00 1.908E+01 
1.750E+02 4.083E+00 2.490E+01 
2.000E+02 3.745E+00 3.131E+01 
2.250E+02 3.480E+00 3.824E+01 
2.500E+02 3.266E+00 4.566E+01 
2.750E+02 3.090E+00 5.354E+01 
3.000E+02 2.944E+00 6.183E+01 
3.500E+02 2.713E+00 7.956E+01 
4.000E+02 2.541E+00 9.863E+01 
4.500E+02 2.407E+00 1.189E+02 
5.000E+02 2.302E+00 1.401E+02 
5.500E+02 2.217E+00 1.623E+02 
6.000E+02 2.147E+00 1.852E+02 
6.500E+02 2.089E+00 2.088E+02 
7.000E+02 2.040E+00 2.330E+02 
7.500E+02 1.998E+00 2.578E+02 
8.000E+02 1.962E+00 2.831E+02 
8.500E+02 1.930E+00 3.088E+02 
9.000E+02 1.903E+00 3.349E+02 
9.500E+02 1.879E+00 3.613E+02 
1.000E+03 1.859E+00 3.881E+02 
1.500E+03 1.745E+00 6.673E+02 
2.000E+03 1.708E+00 9.576E+02 
2.500E+03 1.699E+00 1.251E+03 
3.000E+03 1.701E+00 1.546E+03 
4.000E+03 1.718E+00 2.131E+03 
5.000E+03 1.740E+00 2.709E+03 
6.000E+03 1.762E+00 3.281E+03 
7.000E+03 1.783E+00 3.845E+03 
8.000E+03 1.803E+00 4.402E+03 
9.000E+03 1.821E+00 4.954E+03 
1.000E+04 1.838E+00 5.501E+03 