PSTAR: Stopping Powers and Range Tables for Protons

LITHIUM FLUORIDE                                                        

Kinetic   Total     CSDA      
Energy    Stp. Pow. Range     
MeV       MeV cm2/g g/cm2     

1.000E-03 1.008E+02 1.271E-05 
1.500E-03 1.157E+02 1.730E-05 
2.000E-03 1.289E+02 2.139E-05 
2.500E-03 1.408E+02 2.510E-05 
3.000E-03 1.518E+02 2.852E-05 
4.000E-03 1.717E+02 3.470E-05 
5.000E-03 1.895E+02 4.024E-05 
6.000E-03 2.058E+02 4.530E-05 
7.000E-03 2.210E+02 4.999E-05 
8.000E-03 2.352E+02 5.437E-05 
9.000E-03 2.485E+02 5.851E-05 
1.000E-02 2.613E+02 6.243E-05 
1.250E-02 2.866E+02 7.154E-05 
1.500E-02 3.090E+02 7.994E-05 
1.750E-02 3.291E+02 8.777E-05 
2.000E-02 3.474E+02 9.516E-05 
2.250E-02 3.640E+02 1.022E-04 
2.500E-02 3.793E+02 1.089E-04 
2.750E-02 3.934E+02 1.154E-04 
3.000E-02 4.065E+02 1.216E-04 
3.500E-02 4.298E+02 1.336E-04 
4.000E-02 4.498E+02 1.450E-04 
4.500E-02 4.671E+02 1.559E-04 
5.000E-02 4.820E+02 1.664E-04 
5.500E-02 4.947E+02 1.766E-04 
6.000E-02 5.055E+02 1.866E-04 
6.500E-02 5.147E+02 1.964E-04 
7.000E-02 5.223E+02 2.061E-04 
7.500E-02 5.286E+02 2.156E-04 
8.000E-02 5.337E+02 2.250E-04 
8.500E-02 5.376E+02 2.343E-04 
9.000E-02 5.406E+02 2.436E-04 
9.500E-02 5.427E+02 2.528E-04 
1.000E-01 5.440E+02 2.620E-04 
1.250E-01 5.411E+02 3.080E-04 
1.500E-01 5.281E+02 3.547E-04 
1.750E-01 5.098E+02 4.029E-04 
2.000E-01 4.893E+02 4.529E-04 
2.250E-01 4.679E+02 5.052E-04 
2.500E-01 4.469E+02 5.598E-04 
2.750E-01 4.273E+02 6.171E-04 
3.000E-01 4.091E+02 6.769E-04 
3.500E-01 3.773E+02 8.043E-04 
4.000E-01 3.507E+02 9.418E-04 
4.500E-01 3.283E+02 1.089E-03 
5.000E-01 3.093E+02 1.246E-03 
5.500E-01 2.930E+02 1.412E-03 
6.000E-01 2.783E+02 1.588E-03 
6.500E-01 2.652E+02 1.772E-03 
7.000E-01 2.534E+02 1.965E-03 
7.500E-01 2.427E+02 2.166E-03 
8.000E-01 2.329E+02 2.377E-03 
8.500E-01 2.240E+02 2.596E-03 
9.000E-01 2.158E+02 2.823E-03 
9.500E-01 2.083E+02 3.059E-03 
1.000E+00 2.014E+02 3.303E-03 
1.250E+00 1.732E+02 4.646E-03 
1.500E+00 1.526E+02 6.187E-03 
1.750E+00 1.369E+02 7.920E-03 
2.000E+00 1.244E+02 9.838E-03 
2.250E+00 1.142E+02 1.194E-02 
2.500E+00 1.058E+02 1.421E-02 
2.750E+00 9.859E+01 1.666E-02 
3.000E+00 9.243E+01 1.928E-02 
3.500E+00 8.237E+01 2.503E-02 
4.000E+00 7.447E+01 3.142E-02 
4.500E+00 6.807E+01 3.845E-02 
5.000E+00 6.279E+01 4.611E-02 
5.500E+00 5.834E+01 5.437E-02 
6.000E+00 5.453E+01 6.324E-02 
6.500E+00 5.124E+01 7.271E-02 
7.000E+00 4.836E+01 8.276E-02 
7.500E+00 4.581E+01 9.338E-02 
8.000E+00 4.354E+01 1.046E-01 
8.500E+00 4.151E+01 1.163E-01 
9.000E+00 3.967E+01 1.287E-01 
9.500E+00 3.801E+01 1.416E-01 
1.000E+01 3.649E+01 1.550E-01 
1.250E+01 3.054E+01 2.302E-01 
1.500E+01 2.639E+01 3.185E-01 
1.750E+01 2.331E+01 4.196E-01 
2.000E+01 2.093E+01 5.329E-01 
2.500E+01 1.749E+01 7.955E-01 
2.750E+01 1.620E+01 9.441E-01 
3.000E+01 1.510E+01 1.104E+00 
3.500E+01 1.334E+01 1.457E+00 
4.000E+01 1.199E+01 1.853E+00 
4.500E+01 1.092E+01 2.290E+00 
5.000E+01 1.005E+01 2.768E+00 
5.500E+01 9.320E+00 3.285E+00 
6.000E+01 8.707E+00 3.841E+00 
6.500E+01 8.181E+00 4.434E+00 
7.000E+01 7.725E+00 5.063E+00 
7.500E+01 7.327E+00 5.728E+00 
8.000E+01 6.975E+00 6.428E+00 
8.500E+01 6.661E+00 7.161E+00 
9.000E+01 6.381E+00 7.929E+00 
9.500E+01 6.128E+00 8.728E+00 
1.000E+02 5.899E+00 9.560E+00 
1.250E+02 5.015E+00 1.418E+01 
1.500E+02 4.412E+00 1.951E+01 
1.750E+02 3.975E+00 2.549E+01 
2.000E+02 3.643E+00 3.207E+01 
2.250E+02 3.383E+00 3.920E+01 
2.500E+02 3.174E+00 4.684E+01 
2.750E+02 3.002E+00 5.494E+01 
3.000E+02 2.858E+00 6.348E+01 
3.500E+02 2.633E+00 8.174E+01 
4.000E+02 2.464E+00 1.014E+02 
4.500E+02 2.333E+00 1.223E+02 
5.000E+02 2.229E+00 1.442E+02 
5.500E+02 2.144E+00 1.671E+02 
6.000E+02 2.075E+00 1.908E+02 
6.500E+02 2.017E+00 2.153E+02 
7.000E+02 1.968E+00 2.404E+02 
7.500E+02 1.927E+00 2.660E+02 
8.000E+02 1.891E+00 2.922E+02 
8.500E+02 1.860E+00 3.189E+02 
9.000E+02 1.833E+00 3.460E+02 
9.500E+02 1.810E+00 3.734E+02 
1.000E+03 1.789E+00 4.012E+02 
1.500E+03 1.675E+00 6.918E+02 
2.000E+03 1.635E+00 9.945E+02 
2.500E+03 1.622E+00 1.302E+03 
3.000E+03 1.621E+00 1.610E+03 
4.000E+03 1.631E+00 2.226E+03 
5.000E+03 1.648E+00 2.836E+03 
6.000E+03 1.665E+00 3.439E+03 
7.000E+03 1.682E+00 4.037E+03 
8.000E+03 1.697E+00 4.629E+03 
9.000E+03 1.712E+00 5.215E+03 
1.000E+04 1.726E+00 5.797E+03 